{
  "camera_angle_x": 0.3477625933904786,
  "camera_angle_y": 0.6053613072144397,
  "fl_x": 2049.47,
  "fl_y": 2049.47,
  "k1": 0.175065,
  "k2": 0,
  "p1": 0,
  "p2": 0,
  "cx": 360.0,
  "cy": 640.0,
  "w": 720.0,
  "h": 1280.0,
  "aabb_scale": 16,
  "frames": [
    {
      "file_path": "dataset_150/frame_00142.jpg",
      "sharpness": 47.67075845543074,
      "transform_matrix": [
        [
          -0.9987858634973494,
          -0.04914499634355024,
          -0.003393195908991226,
          0.09798884221929047
        ],
        [
          0.025901428478624332,
          -0.5824944498998846,
          0.8124218594908816,
          2.5766998947964526
        ],
        [
          -0.041902985424628135,
          0.8113476273462605,
          0.5830601739260926,
          2.2001547665277443
        ],
        [
          0.0,
          0.0,
          0.0,
          1.0
        ]
      ]
    },
    {
      "file_path": "dataset_150/frame_00146.jpg",
      "sharpness": 49.57240125816135,
      "transform_matrix": [
        [
          -0.9511171557900832,
          -0.21308186372007445,
          0.2235429333459796,
          0.7850897698125507
        ],
        [
          0.30612480317027446,
          -0.55491495187811,
          0.7735348566962473,
          2.557018096393456
        ],
        [
          -0.040778920143161916,
          0.8041550447569062,
          0.5930191574026991,
          2.189166190291616
        ],
        [
          0.0,
          0.0,
          0.0,
          1.0
        ]
      ]
    },
    {
      "file_path": "dataset_150/frame_00125.jpg",
      "sharpness": 36.55646918395242,
      "transform_matrix": [
        [
          -0.6020646621184007,
          0.34974134409987667,
          -0.7177726382380031,
          -3.2659630006114866
        ],
        [
          -0.7964130433994084,
          -0.327163982886517,
          0.5086142168702706,
          2.2180308470404007
        ],
        [
          -0.056945842350527826,
          0.8778635140641209,
          0.4755131969552977,
          2.0612072554355474
        ],
        [
          0.0,
          0.0,
          0.0,
          1.0
        ]
      ]
    },
    {
      "file_path": "dataset_150/frame_00118.jpg",
      "sharpness": 38.59360959793729,
      "transform_matrix": [
        [
          -0.34937454028456894,
          0.43277084959644013,
          -0.8310508228254804,
          -3.869362615912343
        ],
        [
          -0.9363344373569659,
          -0.1942370543563197,
          0.29248665089648135,
          1.5088535648814163
        ],
        [
          -0.03484107984153036,
          0.8803300638632906,
          0.47308039863093115,
          1.8782186137127252
        ],
        [
          0.0,
          0.0,
          0.0,
          1.0
        ]
      ]
    },
    {
      "file_path": "dataset_150/frame_00147.jpg",
      "sharpness": 64.44083550241258,
      "transform_matrix": [
        [
          -0.9462687645268972,
          -0.22228596232685166,
          0.23487097385044603,
          0.8962661244512032
        ],
        [
          0.3207161234039012,
          -0.5520325242957435,
          0.769676073670739,
          2.674856665024664
        ],
        [
          -0.041431770110712515,
          0.8036473372703725,
          0.5936618277595231,
          2.228545623068057
        ],
        [
          0.0,
          0.0,
          0.0,
          1.0
        ]
      ]
    },
    {
      "file_path": "dataset_150/frame_00140.jpg",
      "sharpness": 52.39354272832873,
      "transform_matrix": [
        [
          -0.9992853114986507,
          -0.01762915243492059,
          -0.033409029729148665,
          -0.2037226213644184
        ],
        [
          -0.017480771347393374,
          -0.56821432237738,
          0.8226937460276655,
          2.8131393459166953
        ],
        [
          -0.03348679711039599,
          0.8226914658228826,
          0.5675009734635547,
          2.2171441937134215
        ],
        [
          0.0,
          0.0,
          0.0,
          1.0
        ]
      ]
    },
    {
      "file_path": "dataset_150/frame_00126.jpg",
      "sharpness": 35.09555881033885,
      "transform_matrix": [
        [
          -0.6450373958009468,
          0.33242912326084356,
          -0.6880533133395946,
          -3.19683532174442
        ],
        [
          -0.7623197920199881,
          -0.34223417940376066,
          0.5493123222657237,
          2.4424123692355693
        ],
        [
          -0.05286793027907866,
          0.8788438886142699,
          0.4741712747543582,
          2.188399940733925
        ],
        [
          0.0,
          0.0,
          0.0,
          1.0
        ]
      ]
    },
    {
      "file_path": "dataset_150/frame_00119.jpg",
      "sharpness": 37.55822771105241,
      "transform_matrix": [
        [
          -0.3586961447652559,
          0.43341907711926264,
          -0.8267338654276989,
          -3.843720344421984
        ],
        [
          -0.9326407490520885,
          -0.20342088848761336,
          0.2980017839648626,
          1.5316611557651407
        ],
        [
          -0.03901552349200801,
          0.8779344074644182,
          0.47718864976909914,
          1.8843538503142674
        ],
        [
          0.0,
          0.0,
          0.0,
          1.0
        ]
      ]
    },
    {
      "file_path": "dataset_150/frame_00134.jpg",
      "sharpness": 34.779119948011555,
      "transform_matrix": [
        [
          -0.8784110391454067,
          0.21829667422948792,
          -0.42513786689799826,
          -1.83938743866352
        ],
        [
          -0.4765143260102491,
          -0.4679445869898819,
          0.7442872803678233,
          3.187754340448132
        ],
        [
          -0.036465631368875366,
          0.856373052689404,
          0.5150684144741232,
          2.2955286447739134
        ],
        [
          0.0,
          0.0,
          0.0,
          1.0
        ]
      ]
    },
    {
      "file_path": "dataset_150/frame_00114.jpg",
      "sharpness": 30.20367512460285,
      "transform_matrix": [
        [
          -0.3524829038752464,
          0.41717614947611587,
          -0.8376888546051983,
          -3.9968945677018883
        ],
        [
          -0.9354056370480581,
          -0.1836886240845713,
          0.3021217194459822,
          1.347451377663084
        ],
        [
          -0.027836129730849594,
          0.8900692193700663,
          0.4549746855848112,
          1.9144072718772709
        ],
        [
          0.0,
          0.0,
          0.0,
          1.0
        ]
      ]
    },
    {
      "file_path": "dataset_150/frame_00113.jpg",
      "sharpness": 30.251846787398552,
      "transform_matrix": [
        [
          -0.3526508496313214,
          0.42500837152631726,
          -0.8336712141153884,
          -3.947518493861128
        ],
        [
          -0.9356579508315275,
          -0.17306709394505612,
          0.30756203949113514,
          1.5703071365912409
        ],
        [
          -0.013564799087422525,
          0.888491001823612,
          0.45869353466174445,
          1.9760472944353296
        ],
        [
          0.0,
          0.0,
          0.0,
          1.0
        ]
      ]
    },
    {
      "file_path": "dataset_150/frame_00108.jpg",
      "sharpness": 41.76129990775025,
      "transform_matrix": [
        [
          -0.22422633707550915,
          0.4252417873755123,
          -0.8768640133580672,
          -3.9627779746514964
        ],
        [
          -0.9744667629637758,
          -0.10858654339862273,
          0.19652485095780958,
          0.7245078447263462
        ],
        [
          -0.011644942416979144,
          0.8985421697103411,
          0.4387326629538546,
          1.9183196997212204
        ],
        [
          0.0,
          0.0,
          0.0,
          1.0
        ]
      ]
    },
    {
      "file_path": "dataset_150/frame_00121.jpg",
      "sharpness": 27.052176190863715,
      "transform_matrix": [
        [
          -0.4087432266672453,
          0.42352122475486387,
          -0.8084285451690002,
          -3.6599356326132457
        ],
        [
          -0.9114080273918219,
          -0.23558783784036463,
          0.33738961753736674,
          1.6291727054748772
        ],
        [
          -0.04756414945864619,
          0.8747157451273534,
          0.48229658243769813,
          1.9651477672641524
        ],
        [
          0.0,
          0.0,
          0.0,
          1.0
        ]
      ]
    },
    {
      "file_path": "dataset_150/frame_00124.jpg",
      "sharpness": 52.07439778645713,
      "transform_matrix": [
        [
          -0.591591674584114,
          0.35848317971173427,
          -0.7221556866916541,
          -3.1932442381730404
        ],
        [
          -0.804317514307147,
          -0.32419749919444896,
          0.49796491223196204,
          2.176317285990861
        ],
        [
          -0.05560900699751122,
          0.8754345939516397,
          0.48012696929945486,
          1.9794154949299227
        ],
        [
          0.0,
          0.0,
          0.0,
          1.0
        ]
      ]
    },
    {
      "file_path": "dataset_150/frame_00116.jpg",
      "sharpness": 29.692616796874997,
      "transform_matrix": [
        [
          -0.34801755118020017,
          0.42698423576369443,
          -0.8346054709246193,
          -3.9019760628420985
        ],
        [
          -0.9370021308061173,
          -0.1870530842254751,
          0.29501898499637674,
          1.4878489507695656
        ],
        [
          -0.030146939250060845,
          0.8847005849163074,
          0.4651838525081132,
          1.8508856362813324
        ],
        [
          0.0,
          0.0,
          0.0,
          1.0
        ]
      ]
    },
    {
      "file_path": "dataset_150/frame_00127.jpg",
      "sharpness": 35.773971352640785,
      "transform_matrix": [
        [
          -0.6927935568175054,
          0.3112544911094541,
          -0.6505052623217733,
          -3.052617636128987
        ],
        [
          -0.7191789554535336,
          -0.3646143038897741,
          0.5914705459541846,
          2.549365015209933
        ],
        [
          -0.05308561960048708,
          0.8775972337422328,
          0.4764504211335848,
          2.1848138763280978
        ],
        [
          0.0,
          0.0,
          0.0,
          1.0
        ]
      ]
    },
    {
      "file_path": "dataset_150/frame_00115.jpg",
      "sharpness": 40.86542801392048,
      "transform_matrix": [
        [
          -0.3510483805865432,
          0.4221566591128365,
          -0.8357905100046203,
          -3.9976060248974665
        ],
        [
          -0.9359699103035906,
          -0.18382602339972248,
          0.30027539543892084,
          1.4535631297052338
        ],
        [
          -0.02687657759644146,
          0.8876885790920057,
          0.4596592265849406,
          1.9204358372805168
        ],
        [
          0.0,
          0.0,
          0.0,
          1.0
        ]
      ]
    },
    {
      "file_path": "dataset_150/frame_00111.jpg",
      "sharpness": 43.53495334115558,
      "transform_matrix": [
        [
          -0.32241404589129297,
          0.4218128079855594,
          -0.8474209711917079,
          -4.1063778724934235
        ],
        [
          -0.9465076488709337,
          -0.156046335737416,
          0.2824393324555349,
          1.1897073365386235
        ],
        [
          -0.013100345333907982,
          0.8931535669361662,
          0.44956098441092485,
          2.0230423901207666
        ],
        [
          0.0,
          0.0,
          0.0,
          1.0
        ]
      ]
    },
    {
      "file_path": "dataset_150/frame_00139.jpg",
      "sharpness": 32.06925888033149,
      "transform_matrix": [
        [
          -0.9952048706687192,
          0.026906766295827438,
          -0.09404561898233904,
          -0.2530779731584172
        ],
        [
          -0.09283636944246398,
          -0.5627360306637792,
          0.8214078459783509,
          3.0478450512460165
        ],
        [
          -0.03082149328726303,
          0.8261988212540382,
          0.5625349434083601,
          2.306014631441278
        ],
        [
          0.0,
          0.0,
          0.0,
          1.0
        ]
      ]
    },
    {
      "file_path": "dataset_150/frame_00143.jpg",
      "sharpness": 50.001898867567085,
      "transform_matrix": [
        [
          -0.9967752500514939,
          -0.07505684758450526,
          0.02834056546468297,
          0.17816140765493296
        ],
        [
          0.06693501262770332,
          -0.5832459404426359,
          0.8095316635932381,
          2.4980004403947382
        ],
        [
          -0.044231311888754565,
          0.8088201829223041,
          0.5863901882473881,
          2.21901374003472
        ],
        [
          0.0,
          0.0,
          0.0,
          1.0
        ]
      ]
    },
    {
      "file_path": "dataset_150/frame_00149.jpg",
      "sharpness": 63.231615651164795,
      "transform_matrix": [
        [
          -0.8758411305164543,
          -0.3149821564055853,
          0.3656321767175233,
          1.3715506904044314
        ],
        [
          0.48124071614213226,
          -0.5132593267210599,
          0.7106128201271287,
          2.42812324844921
        ],
        [
          -0.03616623234380486,
          0.7983425137091648,
          0.601116607535741,
          2.3145464184342592
        ],
        [
          0.0,
          0.0,
          0.0,
          1.0
        ]
      ]
    },
    {
      "file_path": "dataset_150/frame_00131.jpg",
      "sharpness": 56.75020724740554,
      "transform_matrix": [
        [
          -0.8143623470983189,
          0.25922674834086146,
          -0.5192446139167469,
          -2.282155475738217
        ],
        [
          -0.578945773958939,
          -0.42520718977299604,
          0.6957155634667477,
          3.0017880224258255
        ],
        [
          -0.040438426269810625,
          0.8671794644731852,
          0.4963511903056886,
          2.1711949854399943
        ],
        [
          0.0,
          0.0,
          0.0,
          1.0
        ]
      ]
    },
    {
      "file_path": "dataset_150/frame_00144.jpg",
      "sharpness": 37.35803385280562,
      "transform_matrix": [
        [
          -0.9931518304482619,
          -0.10378541557316051,
          0.05364933843746319,
          0.37047908188545303
        ],
        [
          0.10463631752451359,
          -0.5858887865573316,
          0.8036079833359592,
          2.4887715308765372
        ],
        [
          -0.0519702465812455,
          0.803718214518942,
          0.592736139011735,
          2.2617384341996054
        ],
        [
          0.0,
          0.0,
          0.0,
          1.0
        ]
      ]
    },
    {
      "file_path": "dataset_150/frame_00061.jpg",
      "sharpness": 40.90294370306391,
      "transform_matrix": [
        [
          0.9416323542444202,
          0.037530729910443025,
          -0.3345394510288113,
          -1.2324684506119867
        ],
        [
          -0.3141622281105668,
          0.45499844334749007,
          -0.8332317832991298,
          -2.9696863713405652
        ],
        [
          0.12094344519749203,
          0.8897005104297528,
          0.4402336508990408,
          1.5802904785365361
        ],
        [
          0.0,
          0.0,
          0.0,
          1.0
        ]
      ]
    },
    {
      "file_path": "dataset_150/frame_00045.jpg",
      "sharpness": 59.071096981132165,
      "transform_matrix": [
        [
          0.9587895241984057,
          -0.2510592431657116,
          0.1330075652072299,
          0.7001750101364523
        ],
        [
          0.2275978775667591,
          0.39848346719882055,
          -0.8884870505079998,
          -3.8262077205968925
        ],
        [
          0.17006164975342952,
          0.882145094782163,
          0.43920275442260964,
          1.725642668645982
        ],
        [
          0.0,
          0.0,
          0.0,
          1.0
        ]
      ]
    },
    {
      "file_path": "dataset_150/frame_00063.jpg",
      "sharpness": 46.164714466423455,
      "transform_matrix": [
        [
          0.9320141535167253,
          0.05235079580222244,
          -0.3586210245794093,
          -1.2409287649711473
        ],
        [
          -0.3416628602274105,
          0.45699847338711286,
          -0.8212301215990786,
          -2.880657458559687
        ],
        [
          0.120897207690582,
          0.8879255581077381,
          0.4438153542107941,
          1.6109508695787933
        ],
        [
          0.0,
          0.0,
          0.0,
          1.0
        ]
      ]
    },
    {
      "file_path": "dataset_150/frame_00058.jpg",
      "sharpness": 48.10634221250626,
      "transform_matrix": [
        [
          0.9339897423380833,
          0.052296042892640275,
          -0.35345107701268413,
          -1.1816125353956557
        ],
        [
          -0.3369794871116332,
          0.45777211684956,
          -0.8227325772377238,
          -2.967435520545052
        ],
        [
          0.1187744495726355,
          0.8875300835236005,
          0.44517746805691805,
          1.5754708433544797
        ],
        [
          0.0,
          0.0,
          0.0,
          1.0
        ]
      ]
    },
    {
      "file_path": "dataset_150/frame_00076.jpg",
      "sharpness": 37.937025805662884,
      "transform_matrix": [
        [
          0.6194726746544844,
          0.3196169018878713,
          -0.7170058924663737,
          -2.62874405431473
        ],
        [
          -0.7837915844756908,
          0.30284582875154714,
          -0.5421752198815228,
          -2.118757129698943
        ],
        [
          0.043853970336454544,
          0.8978469391629733,
          0.4381183566375143,
          1.6250613802696634
        ],
        [
          0.0,
          0.0,
          0.0,
          1.0
        ]
      ]
    },
    {
      "file_path": "dataset_150/frame_00059.jpg",
      "sharpness": 53.00274299218447,
      "transform_matrix": [
        [
          0.9335932369667892,
          0.05420567239064415,
          -0.35421079265953076,
          -1.2102223768945073
        ],
        [
          -0.3385140978546117,
          0.4576112887597829,
          -0.8221921835593531,
          -2.9788593790761975
        ],
        [
          0.11752338942466367,
          0.8874985182413923,
          0.44557225285837126,
          1.5786539796300967
        ],
        [
          0.0,
          0.0,
          0.0,
          1.0
        ]
      ]
    },
    {
      "file_path": "dataset_150/frame_00015.jpg",
      "sharpness": 111.05452187499998,
      "transform_matrix": [
        [
          0.05863612068366844,
          -0.5515227857524504,
          0.83209640180625,
          3.010564342537539
        ],
        [
          0.988357349267336,
          -0.08515467760324025,
          -0.12608897906449656,
          -0.5263599857957081
        ],
        [
          0.14039784576792236,
          0.8298019629614634,
          0.540108458660511,
          2.0687952847323197
        ],
        [
          0.0,
          0.0,
          0.0,
          1.0
        ]
      ]
    },
    {
      "file_path": "dataset_150/frame_00022.jpg",
      "sharpness": 59.37245619841684,
      "transform_matrix": [
        [
          0.1328341691620793,
          -0.5449212531426033,
          0.8278984922503997,
          2.994731773491988
        ],
        [
          0.9754024973121626,
          -0.07638138292502669,
          -0.206774889682337,
          -0.6873872463497422
        ],
        [
          0.1759120638714062,
          0.8350010253524716,
          0.5213714932982924,
          2.0442563537728367
        ],
        [
          0.0,
          0.0,
          0.0,
          1.0
        ]
      ]
    },
    {
      "file_path": "dataset_150/frame_00020.jpg",
      "sharpness": 70.19951167165496,
      "transform_matrix": [
        [
          0.0964256282522929,
          -0.5415831823650157,
          0.835098649843661,
          3.0535741036776662
        ],
        [
          0.9814848640694204,
          -0.08776754763696969,
          -0.17024781741794284,
          -0.6144808910629075
        ],
        [
          0.16549791532656358,
          0.836052937477616,
          0.5230926552221018,
          2.120702345614922
        ],
        [
          0.0,
          0.0,
          0.0,
          1.0
        ]
      ]
    },
    {
      "file_path": "dataset_150/frame_00006.jpg",
      "sharpness": 115.83357964192024,
      "transform_matrix": [
        [
          -0.20807642068515758,
          -0.5368478207832494,
          0.8176176848593039,
          2.9009910604449143
        ],
        [
          0.9728894267835481,
          -0.1998669397255611,
          0.1163590503144178,
          0.3760308932168347
        ],
        [
          0.10094764106369379,
          0.8196631217620447,
          0.5638811429166625,
          2.096548738967799
        ],
        [
          0.0,
          0.0,
          0.0,
          1.0
        ]
      ]
    },
    {
      "file_path": "dataset_150/frame_00019.jpg",
      "sharpness": 77.95043700831731,
      "transform_matrix": [
        [
          0.09080271547700867,
          -0.5454090946976564,
          0.83323693288348,
          3.10814947704563
        ],
        [
          0.9828964584027915,
          -0.08552613837582017,
          -0.163094548257585,
          -0.5538996355535927
        ],
        [
          0.16021678712622928,
          0.8337950582346765,
          0.528314661945368,
          2.1381626389114925
        ],
        [
          0.0,
          0.0,
          0.0,
          1.0
        ]
      ]
    },
    {
      "file_path": "dataset_150/frame_00024.jpg",
      "sharpness": 97.48294031846787,
      "transform_matrix": [
        [
          0.1608918629892146,
          -0.5435615470661159,
          0.8238049820382527,
          3.0893627120201175
        ],
        [
          0.9691998718877431,
          -0.07067081749477713,
          -0.23591786382464786,
          -0.7214391643222118
        ],
        [
          0.1864548503855244,
          0.8363889525928845,
          0.5154494231027317,
          2.102427785287447
        ],
        [
          0.0,
          0.0,
          0.0,
          1.0
        ]
      ]
    },
    {
      "file_path": "dataset_150/frame_00012.jpg",
      "sharpness": 90.34535015538412,
      "transform_matrix": [
        [
          -0.00943486812286403,
          -0.5507987851145355,
          0.8345847319075516,
          2.9857800336669467
        ],
        [
          0.9917853323374545,
          -0.11162776735756937,
          -0.06245869657183591,
          -0.3156450595114124
        ],
        [
          0.12756500433098986,
          0.8271396129320471,
          0.5473273515090955,
          2.1161859263337495
        ],
        [
          0.0,
          0.0,
          0.0,
          1.0
        ]
      ]
    },
    {
      "file_path": "dataset_150/frame_00004.jpg",
      "sharpness": 125.466015572084,
      "transform_matrix": [
        [
          -0.2095572530129958,
          -0.5402077626808007,
          0.81502231814023,
          2.9541920463788602
        ],
        [
          0.9729345910542838,
          -0.19821707028501584,
          0.11877846385913565,
          0.40439466438088717
        ],
        [
          0.09738628782493955,
          0.8178542496904591,
          0.5671246246117922,
          2.1222533375398864
        ],
        [
          0.0,
          0.0,
          0.0,
          1.0
        ]
      ]
    },
    {
      "file_path": "dataset_150/frame_00018.jpg",
      "sharpness": 95.99468255275677,
      "transform_matrix": [
        [
          0.08914219288727161,
          -0.5471285988656065,
          0.8322883909978133,
          3.065038049914523
        ],
        [
          0.9837858634872342,
          -0.08219633905264474,
          -0.15940243606091747,
          -0.5914368108588862
        ],
        [
          0.15562469026964837,
          0.833003036137449,
          0.5309302191704128,
          2.061932112671945
        ],
        [
          0.0,
          0.0,
          0.0,
          1.0
        ]
      ]
    },
    {
      "file_path": "dataset_150/frame_00009.jpg",
      "sharpness": 62.14842418009438,
      "transform_matrix": [
        [
          -0.08928661679556829,
          -0.5457283030970945,
          0.833191780361439,
          3.0559890331616626
        ],
        [
          0.9889280276996254,
          -0.14812554605630623,
          0.008955602443241142,
          0.16798582450347485
        ],
        [
          0.11852966137649809,
          0.8247662973236151,
          0.5529116345292832,
          2.1340216291067065
        ],
        [
          0.0,
          0.0,
          0.0,
          1.0
        ]
      ]
    },
    {
      "file_path": "dataset_150/frame_00011.jpg",
      "sharpness": 103.89593417640849,
      "transform_matrix": [
        [
          -0.03156731996786991,
          -0.548592529614123,
          0.8354937087375889,
          2.9941451993354193
        ],
        [
          0.9917886771466345,
          -0.12083880138056034,
          -0.041871234624813305,
          -0.26314401486697914
        ],
        [
          0.12393030485913253,
          0.8273114408894899,
          0.5479024174759556,
          2.1165205097135598
        ],
        [
          0.0,
          0.0,
          0.0,
          1.0
        ]
      ]
    },
    {
      "file_path": "dataset_150/frame_00017.jpg",
      "sharpness": 109.81941265784249,
      "transform_matrix": [
        [
          0.08847782466725898,
          -0.5502154922780667,
          0.8303219776935924,
          3.0491858163247456
        ],
        [
          0.9843128828640082,
          -0.079446408871303,
          -0.15753227200847347,
          -0.6249958075778307
        ],
        [
          0.15264279594013053,
          0.8312347323254099,
          0.5345549519813476,
          2.0903918117859916
        ],
        [
          0.0,
          0.0,
          0.0,
          1.0
        ]
      ]
    },
    {
      "file_path": "dataset_150/frame_00026.jpg",
      "sharpness": 89.79437713769516,
      "transform_matrix": [
        [
          0.15311319311164387,
          -0.541750022368103,
          0.8264764165440652,
          2.973978971289119
        ],
        [
          0.9678941105576486,
          -0.08649349700206709,
          -0.2360082011146523,
          -0.7474356118025233
        ],
        [
          0.1993422840858971,
          0.8360776210100818,
          0.5111133606099285,
          2.0480749582599795
        ],
        [
          0.0,
          0.0,
          0.0,
          1.0
        ]
      ]
    },
    {
      "file_path": "dataset_150/frame_00027.jpg",
      "sharpness": 83.14350694387461,
      "transform_matrix": [
        [
          0.15387639978965323,
          -0.5398225489010404,
          0.8275951136761792,
          2.98935984769406
        ],
        [
          0.9666981067402702,
          -0.0910934860135643,
          -0.23915842350041266,
          -0.7780861228396975
        ],
        [
          0.20449163408880863,
          0.8368354633091009,
          0.5078282985418311,
          2.103877247370775
        ],
        [
          0.0,
          0.0,
          0.0,
          1.0
        ]
      ]
    },
    {
      "file_path": "dataset_150/frame_00016.jpg",
      "sharpness": 109.45169007385633,
      "transform_matrix": [
        [
          0.07931064288367418,
          -0.5518892218258643,
          0.8301374035628011,
          3.030817775348912
        ],
        [
          0.9860881555699158,
          -0.07860084604008634,
          -0.14646520536299903,
          -0.5954759628684166
        ],
        [
          0.14608207044709412,
          0.8302049107692591,
          0.5379775411862057,
          2.065313995371377
        ],
        [
          0.0,
          0.0,
          0.0,
          1.0
        ]
      ]
    },
    {
      "file_path": "dataset_150/frame_00028.jpg",
      "sharpness": 54.63265029454993,
      "transform_matrix": [
        [
          0.2284371988245006,
          -0.5443952741328856,
          0.8071246821497575,
          3.0969228244818474
        ],
        [
          0.9512882859410687,
          -0.051494876806106336,
          -0.30397187103327883,
          -1.0160257246536322
        ],
        [
          0.2070436358764145,
          0.8372467164795688,
          0.5061134972171939,
          2.1164505475037205
        ],
        [
          0.0,
          0.0,
          0.0,
          1.0
        ]
      ]
    },
    {
      "file_path": "dataset_150/frame_00025.jpg",
      "sharpness": 98.26220374161399,
      "transform_matrix": [
        [
          0.15962135052242546,
          -0.5402527969392192,
          0.8262251173895735,
          3.0090973318237633
        ],
        [
          0.9679735327061432,
          -0.07863011175048654,
          -0.23842095427493612,
          -0.6992510451695513
        ],
        [
          0.19377376120389508,
          0.8378211152054044,
          0.5103993633774905,
          2.0812160183274844
        ],
        [
          0.0,
          0.0,
          0.0,
          1.0
        ]
      ]
    },
    {
      "file_path": "dataset_150/frame_00029.jpg",
      "sharpness": 41.63271685617239,
      "transform_matrix": [
        [
          0.376496957543214,
          -0.5432695622285391,
          0.7504054155366975,
          3.320791817295259
        ],
        [
          0.9015595923270581,
          0.028479234528633324,
          -0.43171669113028,
          -1.3821435012256031
        ],
        [
          0.21316756054633568,
          0.8390751603636455,
          0.5005122072716621,
          2.0472699807764205
        ],
        [
          0.0,
          0.0,
          0.0,
          1.0
        ]
      ]
    },
    {
      "file_path": "dataset_150/frame_00035.jpg",
      "sharpness": 98.76283597272244,
      "transform_matrix": [
        [
          0.555681199038836,
          -0.4892218191094051,
          0.6722205115330397,
          2.9015520042316854
        ],
        [
          0.8133327313638107,
          0.1522544774365647,
          -0.5615233223241411,
          -2.231238259387871
        ],
        [
          0.17236087855159174,
          0.8587668983577129,
          0.48250506928930514,
          1.9893319486941923
        ],
        [
          0.0,
          0.0,
          0.0,
          1.0
        ]
      ]
    },
    {
      "file_path": "dataset_150/frame_00023.jpg",
      "sharpness": 83.20387141753307,
      "transform_matrix": [
        [
          0.1594768598643032,
          -0.5419715051036682,
          0.8251266690452927,
          2.978660198960485
        ],
        [
          0.9703521734857875,
          -0.06770748852123067,
          -0.23201800926197672,
          -0.7264802835308649
        ],
        [
          0.18161440422951172,
          0.8376649591452248,
          0.5151054500482546,
          2.0898691995741916
        ],
        [
          0.0,
          0.0,
          0.0,
          1.0
        ]
      ]
    },
    {
      "file_path": "dataset_150/frame_00036.jpg",
      "sharpness": 81.75872828276835,
      "transform_matrix": [
        [
          0.6200168315037217,
          -0.46708673935718104,
          0.6304039053609192,
          2.7559014673567424
        ],
        [
          0.7667861625914048,
          0.1905484724659429,
          -0.6129683824465517,
          -2.4889122703081585
        ],
        [
          0.16618690311830675,
          0.8634357254694426,
          0.476298919790696,
          1.9974896615399338
        ],
        [
          0.0,
          0.0,
          0.0,
          1.0
        ]
      ]
    },
    {
      "file_path": "dataset_150/frame_00007.jpg",
      "sharpness": 109.77264105810471,
      "transform_matrix": [
        [
          -0.18576083159006287,
          -0.538010443801185,
          0.822215146899016,
          2.8834550855298344
        ],
        [
          0.9768963070551153,
          -0.19111216725274285,
          0.09565468020074043,
          0.3318240060616735
        ],
        [
          0.1056721003372826,
          0.8209877670301735,
          0.561081542109145,
          2.101318889698175
        ],
        [
          0.0,
          0.0,
          0.0,
          1.0
        ]
      ]
    },
    {
      "file_path": "dataset_150/frame_00003.jpg",
      "sharpness": 118.55428275561749,
      "transform_matrix": [
        [
          -0.2099420296665656,
          -0.5395153763331447,
          0.8153818330798699,
          2.9598871540768554
        ],
        [
          0.9729651519954087,
          -0.19738130399251627,
          0.11991440763050444,
          0.40176961698941743
        ],
        [
          0.09624546256477927,
          0.8185131546278732,
          0.5663682797987847,
          2.128604593525911
        ],
        [
          0.0,
          0.0,
          0.0,
          1.0
        ]
      ]
    },
    {
      "file_path": "dataset_150/frame_00021.jpg",
      "sharpness": 90.64368158518353,
      "transform_matrix": [
        [
          0.10994016881465744,
          -0.5431792551805871,
          0.8323878037930027,
          3.015367135314304
        ],
        [
          0.9794496660384787,
          -0.08326505846991315,
          -0.18369888812940127,
          -0.7237655592995821
        ],
        [
          0.16909024434692535,
          0.8354778434154139,
          0.5228625655095183,
          2.0975405163194356
        ],
        [
          0.0,
          0.0,
          0.0,
          1.0
        ]
      ]
    },
    {
      "file_path": "dataset_150/frame_00065.jpg",
      "sharpness": 39.472834176291926,
      "transform_matrix": [
        [
          0.8982922223245957,
          0.09750216325212918,
          -0.4284430319389238,
          -1.6618572493351915
        ],
        [
          -0.42435950672820166,
          0.4454197984115177,
          -0.7883649112065837,
          -2.68545570375884
        ],
        [
          0.11396981909850891,
          0.8899967834510717,
          0.4414936024482657,
          1.5602901970386112
        ],
        [
          0.0,
          0.0,
          0.0,
          1.0
        ]
      ]
    },
    {
      "file_path": "dataset_150/frame_00014.jpg",
      "sharpness": 106.55505268161798,
      "transform_matrix": [
        [
          0.039421662918992545,
          -0.5492315195034648,
          0.8347398825971245,
          2.999040281280754
        ],
        [
          0.98999649664873,
          -0.09179214416082292,
          -0.10715008224433639,
          -0.47689431151515654
        ],
        [
          0.1354727661466989,
          0.8306135926892368,
          0.5401186809923447,
          2.083367147108518
        ],
        [
          0.0,
          0.0,
          0.0,
          1.0
        ]
      ]
    },
    {
      "file_path": "dataset_150/frame_00057.jpg",
      "sharpness": 53.30650605059966,
      "transform_matrix": [
        [
          0.9467188701067631,
          0.027052176366543872,
          -0.32092439593894156,
          -1.0598024410727716
        ],
        [
          -0.2966246923703367,
          0.461389191211058,
          -0.8361427584776403,
          -3.032213405068714
        ],
        [
          0.1254514770759745,
          0.8867854485893285,
          0.44482974210770965,
          1.5635647498938343
        ],
        [
          0.0,
          0.0,
          0.0,
          1.0
        ]
      ]
    },
    {
      "file_path": "dataset_150/frame_00050.jpg",
      "sharpness": 32.77907099217545,
      "transform_matrix": [
        [
          0.9843944139385767,
          -0.16715603894971676,
          -0.05500740467469428,
          -0.19842596425826362
        ],
        [
          0.02602490256558139,
          0.44743744928326273,
          -0.8939360993302025,
          -3.7023388234836156
        ],
        [
          0.17403926431501865,
          0.87855473356101,
          0.44480547509918356,
          1.6556305169516832
        ],
        [
          0.0,
          0.0,
          0.0,
          1.0
        ]
      ]
    },
    {
      "file_path": "dataset_150/frame_00030.jpg",
      "sharpness": 6.959559430138863,
      "transform_matrix": [
        [
          0.40336767101654947,
          -0.5445495358034462,
          0.7353641471046278,
          3.284440342281898
        ],
        [
          0.8907582799071692,
          0.04977958054896372,
          -0.4517430544571261,
          -1.636419308356888
        ],
        [
          0.20939034075657886,
          0.8372501496187645,
          0.5051414413943863,
          2.072158613607769
        ],
        [
          0.0,
          0.0,
          0.0,
          1.0
        ]
      ]
    },
    {
      "file_path": "dataset_150/frame_00034.jpg",
      "sharpness": 89.83373766953144,
      "transform_matrix": [
        [
          0.5172220161636085,
          -0.5020333407768333,
          0.6931407625296568,
          2.989403765446535
        ],
        [
          0.8371720022907988,
          0.12849322650546882,
          -0.5316321426077498,
          -2.121022076708125
        ],
        [
          0.17783315567886376,
          0.8552497075905374,
          0.4867476857865081,
          1.9890734217216999
        ],
        [
          0.0,
          0.0,
          0.0,
          1.0
        ]
      ]
    },
    {
      "file_path": "dataset_150/frame_00001.jpg",
      "sharpness": 105.02741861880149,
      "transform_matrix": [
        [
          -0.21561135579241197,
          -0.5401215284325969,
          0.8134989671135282,
          2.9802766880878795
        ],
        [
          0.9719735797284699,
          -0.19865007739386317,
          0.1257203261107173,
          0.3506910094987003
        ],
        [
          0.09369737804774453,
          0.8178061476382825,
          0.5678150328007859,
          2.1417654494328966
        ],
        [
          0.0,
          0.0,
          0.0,
          1.0
        ]
      ]
    },
    {
      "file_path": "dataset_150/frame_00032.jpg",
      "sharpness": 3.157892676077949,
      "transform_matrix": [
        [
          0.461304768123724,
          -0.5271287551270373,
          0.7136758340941812,
          3.0987489643556567
        ],
        [
          0.8659973260208564,
          0.09253971154316924,
          -0.4914112767367955,
          -1.8984667032807683
        ],
        [
          0.1929936578864664,
          0.8447317203236424,
          0.49918109833647606,
          2.0161775607407253
        ],
        [
          0.0,
          0.0,
          0.0,
          1.0
        ]
      ]
    },
    {
      "file_path": "dataset_150/frame_00051.jpg",
      "sharpness": 37.463896342608344,
      "transform_matrix": [
        [
          0.985981228823049,
          -0.13966883509821584,
          -0.09129493309860436,
          -0.2525292278026419
        ],
        [
          -0.017923382087927115,
          0.45531935028095794,
          -0.8901484008483783,
          -3.6249957645975805
        ],
        [
          0.16589421821643666,
          0.8793049466884368,
          0.4464324419088747,
